7.420
3.773
5.968
4.924
1.468
4.664
1.745
2.144
3.836
3.132
1.568
2.352
2.132
9.381
1.484
1.181
5.004
3.060
4.582
2.076
1.880
1.337
3.092
2.265
1.208
2.753
4.457
3.499
8.192
5.101
1.572
5.152
4.181
3.520
1.344
10.290
1.152
2.348
2.228
2.172
7.448
1.108
4.344
2.042
5.088
1.020
1.051
1.987
1.935
3.773
4.092
1.628
1.688
4.502
4.687
6.755
2.560
1.208
2.649
1.012
1.730
2.164
1.728
4.646
2.916
1.101
2.540
1.020
1.176
4.716
9.671
1.692
9.292
10.720
2.164
2.084
2.616
1.584
5.236
3.663
3.624
1.051
1.544
1.496
1.883
1.920
5.968
5.890
2.896
2.760
1.475
2.644
3.600
5.324
8.361
3.052
7.703
3.830
1.444
1.343
4.736
8.7
6.192
5.796
1.4
3.392
7.808
6.344
1.884
2.332
1.76
4.344
2.988
7.44
5.804
9.5
9.904
3.196
3.012
6.056
6.328
9.064
3.068
9.352
1.936
1.08
1.984
1.792
9.384
10.15
4.756
1.52
3.912
1.712
10.57
5.304
2.968
9.632
7.116
1.212
8.532
3.000
4.792
2.512
1.352
2.168
4.344
1.316
1.468
1.152
6.024
3.272
4.96
10.16
2.14
2.856
10.01
1.232
2.668
9.176
